# Camera list with one line of data per camera:
#   CAMERA_ID, MODEL, WIDTH, HEIGHT, PARAMS[]
# Number of cameras: 8
175 OPENCV 2688 1520 1738.6173144385361 1697.2168917785855 1344 760 -0.36251554754482074 0.11009704366663414 0.0042202291846460292 0.0010403740938613958
176 OPENCV 2688 1520 1737.9701987997678 1728.4469312826752 1344 760 -0.36815254020126897 0.11081094091672433 2.5759020400449423e-06 0.00057079427060184454
177 OPENCV 2688 1520 1754.8106671125065 1712.1744580771942 1344 760 -0.3808873585045327 0.11878133258392672 0.0040810393337762981 0.0013512244957742312
178 OPENCV 2688 1520 1723.7472443025079 1659.044221792778 1344 760 -0.36393562882246905 0.10849613917479835 -0.001398644627965575 -0.0016056116559365582
179 OPENCV 2688 1520 1751.8613019027609 1741.7408057943244 1344 760 -0.39618528270390796 0.13677717925045543 -0.0013528658391913128 0.00028396848753051428
180 OPENCV 2688 1520 1751.3089730375066 1743.1846503296206 1344 760 -0.38029409939982367 0.12155666364177824 0.00048819013932282324 -0.00033334775771222495
181 OPENCV 2688 1520 1732.5379679394182 1699.284412636709 1344 760 -0.37717793739611044 0.11505148530766747 -0.0024730300991674344 -0.00027136815731671279
182 OPENCV 2688 1520 1747.9378254616538 1756.3538902474131 1344 760 -0.36815892149487472 0.10567174637511945 0.0015513906955062094 -0.00019879084946507815
